[[-4.48132694e+00 -4.48132694e+00 -4.48132694e+00]
 [-4.82900702e+00 -4.82900702e+00 -4.82900702e+00]
 [-5.22855109e+00 -5.22855109e+00 -5.22855109e+00]
 ...
 [ 7.15343060e+00  1.00712829e+01  1.00712829e+01]
 [ 1.00000000e-04  1.00000000e-04  1.00000000e-04]
 [ 1.00000000e-04  1.00000000e-04  1.00000000e-04]]
Density matrix
[[0. 0. 0. 0. 0. 0. 0.]
 [0. 0. 0. 0. 0. 0. 0.]
 [0. 0. 0. 0. 0. 0. 0.]
 [0. 0. 0. 0. 0. 0. 0.]
 [0. 0. 0. 0. 0. 0. 0.]
 [0. 0. 0. 0. 0. 0. 0.]
 [0. 0. 0. 0. 0. 0. 0.]]
Density matrix
[[ 2.13422415e+00 -6.04611854e-01 -4.45364572e-02 -2.77914677e-17
  -4.45364572e-02  8.41220227e-02  8.41220227e-02]
 [-6.04611854e-01  2.71789850e+00  2.74962028e-01  3.96198469e-16
   2.74962028e-01 -3.78180118e-01 -3.78180118e-01]
 [-4.45364572e-02  2.74962028e-01  2.28266789e+00  5.05212699e-16
  -3.72437837e-02  5.29862948e-02 -4.47598512e-01]
 [-2.77914677e-17  3.96198469e-16  5.05212699e-16  2.00000000e+00
   4.08411271e-16 -1.62342225e-16 -1.04922724e-15]
 [-4.45364572e-02  2.74962028e-01 -3.72437837e-02  4.08411271e-16
   2.28266789e+00 -4.47598512e-01  5.29862948e-02]
 [ 8.41220227e-02 -3.78180118e-01  5.29862948e-02 -1.62342225e-16
  -4.47598512e-01  1.29735447e-01  2.17204940e-02]
 [ 8.41220227e-02 -3.78180118e-01 -4.47598512e-01 -1.04922724e-15
   5.29862948e-02  2.17204940e-02  1.29735447e-01]]
Density matrix
[[ 2.14051094e+00 -6.74513426e-01 -6.93777266e-02  2.73819112e-11
  -6.93777266e-02  1.77337263e-01  1.77337263e-01]
 [-6.74513426e-01  3.23435270e+00  5.20927213e-01  1.22896547e-08
   5.20927213e-01 -8.78116234e-01 -8.78116234e-01]
 [-6.93777266e-02  5.20927213e-01  2.50542959e+00  1.35228498e-09
  -7.07062446e-02  1.60758467e-01 -1.16758958e+00]
 [ 2.73819112e-11  1.22896547e-08  1.35228498e-09  2.00000000e+00
   1.35228409e-09 -2.55052427e-08 -2.55052427e-08]
 [-6.93777266e-02  5.20927213e-01 -7.07062446e-02  1.35228409e-09
   2.50542959e+00 -1.16758958e+00  1.60758467e-01]
 [ 1.77337263e-01 -8.78116234e-01  1.60758467e-01 -2.55052427e-08
  -1.16758958e+00  6.96505242e-01  1.15613348e-02]
 [ 1.77337263e-01 -8.78116234e-01 -1.16758958e+00 -2.55052427e-08
   1.60758467e-01  1.15613348e-02  6.96505242e-01]]
